'''
follow data are collect for graph in article
"Social cycling and conditional responses in the Rock-Paper-Scissors game"

# W+, Wo, W-
# T+, To, T-
# L+, Lo, L-

'''

graph = {}

graph[1.1] = [
    [0.172, 0.573, 0.255],
    [0.250, 0.606, 0.144],
    [0.361, 0.311, 0.328]
]
'''
f(rps, {0, -1, 1}) = (..., ..., ...)
'''

graph[2] = [
    [0.220, 0.535, 0.245],
    [0.339, 0.428, 0.233],
    [0.272, 0.361, 0.367]
]

graph[4] = [
    [0.200, 0.506, 0.294],
    [0.381, 0.386, 0.233],
    [0.279, 0.341, 0.380]
]

graph[9] = [
    [0.256, 0.450, 0.294],
    [0.350, 0.361, 0.289],
    [0.283, 0.306, 0.411]
]

graph[100] = [
    [0.278, 0.355, 0.317],
    [0.372, 0.362, 0.266],
    [0.365, 0.343, 0.393]
]
